[gd_scene load_steps=21 format=2]

[ext_resource path="res://walk5.glb" type="PackedScene" id=1]

[sub_resource type="CapsuleShape" id=1]
radius = 0.101069
height = 0.808551

[sub_resource type="CapsuleShape" id=2]
radius = 0.141665
height = 1.13332

[sub_resource type="CapsuleShape" id=3]
radius = 0.159063
height = 1.27251

[sub_resource type="CapsuleShape" id=4]
radius = 0.082157
height = 0.657256

[sub_resource type="CapsuleShape" id=5]
radius = 0.146255
height = 1.17004

[sub_resource type="CapsuleShape" id=6]
radius = 0.0495178
height = 0.396142

[sub_resource type="CapsuleShape" id=7]
radius = 0.0982013
height = 0.78561

[sub_resource type="CapsuleShape" id=8]
radius = 0.13416
height = 1.07328

[sub_resource type="CapsuleShape" id=9]
radius = 0.108371
height = 0.866966

[sub_resource type="CapsuleShape" id=10]
radius = 0.157567
height = 1.26054

[sub_resource type="CapsuleShape" id=11]
radius = 0.149982
height = 1.19986

[sub_resource type="CapsuleShape" id=12]
radius = 0.0196501
height = 0.1572

[sub_resource type="CapsuleShape" id=13]
radius = 0.156908
height = 1.25526

[sub_resource type="CapsuleShape" id=14]
radius = 0.136252
height = 1.09001

[sub_resource type="CapsuleShape" id=15]
radius = 0.0225665
height = 0.180532

[sub_resource type="CapsuleShape" id=16]
radius = 0.247021
height = 1.97617

[sub_resource type="CapsuleShape" id=17]
radius = 0.222611
height = 1.78088

[sub_resource type="CapsuleShape" id=18]
radius = 0.252955
height = 2.02364

[sub_resource type="CapsuleShape" id=19]
radius = 0.214828
height = 1.71863

[node name="walk5" instance=ExtResource( 1 )]

[node name="Skeleton" parent="Armação001" index="0"]
transform = Transform( 1, 0, 0, 0, 1, 0, 0, 0, 1, 0, 0, -3.17687 )

[node name="Physical Bone Osso(s)" type="PhysicalBone" parent="Armação001/Skeleton" index="1"]
transform = Transform( 0.999984, 2.38415e-07, -2.65329e-07, -2.27943e-07, -0.145043, -0.989407, -2.74378e-07, 0.989407, -0.145043, 0, 0.919724, 0.236801 )
joint_offset = Transform( 1, 0, 0, 0, 1, 0, 0, 0, 1, 1.34086e-07, 9.00978e-07, 0.505349 )
body_offset = Transform( 0.999985, 8.52651e-13, -2.65329e-07, -2.6533e-07, 1.04308e-07, -0.999982, 3.97904e-13, 0.999982, 1.04308e-07, 0, 0.50534, -9.53674e-07 )
bone_name = "Osso(s)"

[node name="CollisionShape" type="CollisionShape" parent="Armação001/Skeleton/Physical Bone Osso(s)" index="0"]
shape = SubResource( 1 )

[node name="Physical Bone Osso(s)001" type="PhysicalBone" parent="Armação001/Skeleton" index="2"]
transform = Transform( -0.74182, -0.614689, -0.268052, -0.07776, 0.475876, -0.876068, 0.666068, -0.629046, -0.400816, 0.189859, 2.04026, 0.594004 )
joint_type = 1
joint_offset = Transform( 1, 0, 0, 0, 1, 0, 0, 0, 1, -4.72367e-06, -5.28991e-06, 0.708317 )
body_offset = Transform( -0.741402, -0.610663, -0.278219, -7.45058e-09, 0.414599, -0.910004, 0.671054, -0.674684, -0.307387, 0.19706, 0.644573, 0.217727 )
bone_name = "Osso(s).001"
joint_constraints/bias = 0.3
joint_constraints/damping = 1.0
joint_constraints/impulse_clamp = 0.0

[node name="CollisionShape" type="CollisionShape" parent="Armação001/Skeleton/Physical Bone Osso(s)001" index="0"]
shape = SubResource( 2 )

[node name="Physical Bone mecha1l" type="PhysicalBone" parent="Armação001/Skeleton" index="3"]
transform = Transform( -0.750876, -0.649715, -0.118577, 0.0122794, -0.193244, 0.981074, -0.660334, 0.735207, 0.15308, 0.474027, 1.88054, 0.75616 )
joint_type = 1
joint_offset = Transform( 1, 0, 0, 0, 1, 0, 0, 0, 1, -1.489e-05, -4.64985e-06, 0.795315 )
body_offset = Transform( 1, 8.9407e-08, -1.63913e-07, -2.75671e-07, 7.45058e-08, -1, 4.17233e-07, 1, -1.49012e-07, 1.50204e-05, 0.795315, 4.76837e-06 )
bone_name = "mecha1.l"
joint_constraints/bias = 0.3
joint_constraints/damping = 1.0
joint_constraints/impulse_clamp = 0.0

[node name="CollisionShape" type="CollisionShape" parent="Armação001/Skeleton/Physical Bone mecha1l" index="0"]
shape = SubResource( 3 )

[node name="Physical Bone mecha2l" type="PhysicalBone" parent="Armação001/Skeleton" index="4"]
transform = Transform( -0.852195, -0.510338, 0.115416, -0.442453, 0.820628, 0.361667, -0.279288, 0.257144, -0.925134, 0.520935, 0.951711, 1.01445 )
joint_type = 1
joint_offset = Transform( 1, 0, 0, 0, 1, 0, 0, 0, 1, -2.63485e-06, 5.34836e-07, 0.410785 )
body_offset = Transform( 1, -1.78814e-07, 2.98023e-08, 8.9407e-08, -1.49012e-08, -0.999997, 3.72529e-08, 0.999999, 1.49012e-07, 2.6226e-06, 0.410784, -5.96046e-07 )
bone_name = "mecha2.l"
joint_constraints/bias = 0.3
joint_constraints/damping = 1.0
joint_constraints/impulse_clamp = 0.0

[node name="CollisionShape" type="CollisionShape" parent="Armação001/Skeleton/Physical Bone mecha2l" index="0"]
shape = SubResource( 4 )

[node name="Physical Bone mecha1r" type="PhysicalBone" parent="Armação001/Skeleton" index="5"]
transform = Transform( -0.734968, 0.669932, 0.10498, 0.0900808, -0.0569855, 0.994303, 0.672097, 0.740238, -0.0184652, -0.310278, 1.91417, 0.891413 )
joint_type = 1
joint_offset = Transform( 1, 0, 0, 0, 1, 0, 0, 0, 1, 2.26211e-07, 4.79095e-06, 0.731275 )
body_offset = Transform( 1, -1.78814e-07, 3.42727e-07, 1.53668e-07, 4.31202e-07, -1, -8.9407e-08, 1, 6.21192e-07, -4.76837e-07, 0.731275, -5.24521e-06 )
bone_name = "mecha1.r"
joint_constraints/bias = 0.3
joint_constraints/damping = 1.0
joint_constraints/impulse_clamp = 0.0

[node name="CollisionShape" type="CollisionShape" parent="Armação001/Skeleton/Physical Bone mecha1r" index="0"]
shape = SubResource( 5 )

[node name="Physical Bone mecha2r" type="PhysicalBone" parent="Armação001/Skeleton" index="6"]
transform = Transform( -0.783478, 0.592361, -0.187822, 0.401357, 0.713102, 0.574803, 0.474427, 0.374961, -0.796448, -0.340543, 1.04474, 1.10211 )
joint_type = 1
joint_offset = Transform( 1, 0, 0, 0, 1, 0, 0, 0, 1, -1.62236e-06, 1.2954e-06, 0.247591 )
body_offset = Transform( 1, 1.93715e-07, 7.7486e-07, 7.15256e-07, -2.563e-06, -1, -1.49012e-08, 0.999999, -4.17233e-07, 1.43051e-06, 0.247591, -1.19209e-06 )
bone_name = "mecha2.r"
joint_constraints/bias = 0.3
joint_constraints/damping = 1.0
joint_constraints/impulse_clamp = 0.0

[node name="CollisionShape" type="CollisionShape" parent="Armação001/Skeleton/Physical Bone mecha2r" index="0"]
shape = SubResource( 6 )

[node name="Physical Bone quadril" type="PhysicalBone" parent="Armação001/Skeleton" index="7"]
transform = Transform( 1, 0, 0, 0, 0, -1, 0, 1, 0, 0.0857615, -1.94687, 1.01816 )
joint_offset = Transform( 1, 0, 0, 0, 1, 0, 0, 0, 1, 0, 1.90735e-06, 0.491006 )
body_offset = Transform( 1, 0, 0, 0, 0, -1, 0, 1, 0, 0, 0.491006, -1.90735e-06 )
bone_name = "quadril"

[node name="CollisionShape" type="CollisionShape" parent="Armação001/Skeleton/Physical Bone quadril" index="0"]
shape = SubResource( 7 )

[node name="Physical Bone tronco" type="PhysicalBone" parent="Armação001/Skeleton" index="8"]
transform = Transform( 1, 0, 0, 0, 4.73956e-08, -1, 0, 1, 4.73956e-08, 0.0857615, -0.785065, 1.01816 )
joint_type = 1
joint_offset = Transform( 1, 0, 0, 0, 1, 0, 0, 0, 1, 0, 1.75635e-06, 0.670802 )
body_offset = Transform( 1, 0, 0, 0, 2.25107e-07, -1, 0, 1, 2.25107e-07, 0, 0.670802, -1.90735e-06 )
bone_name = "tronco"
joint_constraints/bias = 0.3
joint_constraints/damping = 1.0
joint_constraints/impulse_clamp = 0.0

[node name="CollisionShape" type="CollisionShape" parent="Armação001/Skeleton/Physical Bone tronco" index="0"]
shape = SubResource( 8 )

[node name="Physical Bone peito" type="PhysicalBone" parent="Armação001/Skeleton" index="9"]
transform = Transform( 0.99988, -0.00340005, 0.015105, 0.0154804, 0.201302, -0.979392, 0.000289358, 0.979523, 0.201326, 0.0775557, 0.416409, 0.90907 )
joint_type = 1
joint_offset = Transform( 1, 0, 0, 0, 1, 0, 0, 0, 1, 2.12687e-05, 7.70967e-06, 0.541841 )
body_offset = Transform( 1, 4.36557e-10, -9.1215e-08, -1.00914e-07, 8.9407e-08, -0.999984, 2.19152e-08, 0.999999, -1.02818e-06, -2.12193e-05, 0.541832, -7.15256e-06 )
bone_name = "peito"
joint_constraints/bias = 0.3
joint_constraints/damping = 1.0
joint_constraints/impulse_clamp = 0.0

[node name="CollisionShape" type="CollisionShape" parent="Armação001/Skeleton/Physical Bone peito" index="0"]
shape = SubResource( 9 )

[node name="Physical Bone bracol" type="PhysicalBone" parent="Armação001/Skeleton" index="10"]
transform = Transform( -0.871771, 0.312945, -0.376937, -0.389703, 0.0233094, 0.920646, 0.296898, 0.949485, 0.101637, 0.938495, -0.103586, 0.737172 )
joint_type = 1
joint_offset = Transform( 1, 0, 0, 0, 1, 0, 0, 0, 1, -5.97337e-07, 1.54832e-05, 0.787839 )
body_offset = Transform( 1, -5.66244e-07, 1.36346e-06, 1.22003e-06, -1.81049e-06, -1, 2.98023e-07, 1, 3.20375e-07, -4.76837e-07, 0.787839, -1.57356e-05 )
bone_name = "braco.l"
joint_constraints/bias = 0.3
joint_constraints/damping = 1.0
joint_constraints/impulse_clamp = 0.0

[node name="CollisionShape" type="CollisionShape" parent="Armação001/Skeleton/Physical Bone bracol" index="0"]
shape = SubResource( 10 )

[node name="Physical Bone antibracol" type="PhysicalBone" parent="Armação001/Skeleton" index="11"]
transform = Transform( 0.998566, 0.0535129, -0.00155033, 0.0200008, -0.346044, 0.938005, 0.049659, -0.936691, -0.346618, 1.23663, -1.53232, 0.917039 )
joint_type = 1
joint_offset = Transform( 1, 0, 0, 0, 1, 0, 0, 0, 1, -2.92435e-07, -6.87689e-06, 0.749907 )
body_offset = Transform( -0.91284, -0.406343, -0.0400926, -2.04891e-08, 0.0981903, -0.995168, 0.408316, -0.90843, -0.0896322, 0.0300627, 0.746284, 0.0672097 )
bone_name = "antibraco.l"
joint_constraints/bias = 0.3
joint_constraints/damping = 1.0
joint_constraints/impulse_clamp = 0.0

[node name="CollisionShape" type="CollisionShape" parent="Armação001/Skeleton/Physical Bone antibracol" index="0"]
shape = SubResource( 11 )

[node name="Physical Bone dedol" type="PhysicalBone" parent="Armação001/Skeleton" index="12"]
transform = Transform( -0.879389, -0.474273, -0.041703, 0.436576, -0.768337, -0.468038, 0.189936, -0.429794, 0.882724, 1.24188, -2.18975, 1.09025 )
joint_type = 1
joint_offset = Transform( 1, 0, 0, 0, 1, 0, 0, 0, 1, -2.9715e-06, 2.50712e-06, 0.0982587 )
body_offset = Transform( 0.998917, -0.0433918, 0.016798, -1.49012e-07, 0.361021, 0.932558, -0.0465298, -0.931548, 0.36063, -0.00164747, -0.0916328, -0.0354328 )
bone_name = "dedo.l"
joint_constraints/bias = 0.3
joint_constraints/damping = 1.0
joint_constraints/impulse_clamp = 0.0

[node name="CollisionShape" type="CollisionShape" parent="Armação001/Skeleton/Physical Bone dedol" index="0"]
shape = SubResource( 12 )

[node name="Physical Bone bracor" type="PhysicalBone" parent="Armação001/Skeleton" index="13"]
transform = Transform( -0.959256, -0.0511024, 0.277878, 0.281579, -0.0919341, 0.955124, -0.0232624, 0.994449, 0.102578, -0.803664, -0.127594, 0.736776 )
joint_type = 1
joint_offset = Transform( 1, 0, 0, 0, 1, 0, 0, 0, 1, -3.85839e-08, -1.97165e-06, 0.784538 )
body_offset = Transform( 1, -1.41561e-07, -2.54717e-07, -4.85452e-07, 3.94881e-07, -1, 4.4331e-07, 0.999996, 8.19564e-08, 2.38419e-07, 0.784538, 1.90735e-06 )
bone_name = "braco.r"
joint_constraints/bias = 0.3
joint_constraints/damping = 1.0
joint_constraints/impulse_clamp = 0.0

[node name="CollisionShape" type="CollisionShape" parent="Armação001/Skeleton/Physical Bone bracor" index="0"]
shape = SubResource( 13 )

[node name="Physical Bone antibracor" type="PhysicalBone" parent="Armação001/Skeleton" index="14"]
transform = Transform( -0.993504, -0.113398, 0.00944216, -0.0426695, 0.448186, 0.892922, -0.105487, 0.886719, -0.450113, -1.0281, -1.48524, 0.962938 )
joint_type = 1
joint_offset = Transform( 1, 0, 0, 0, 1, 0, 0, 0, 1, -5.30203e-07, 3.45968e-06, 0.681256 )
body_offset = Transform( 1, -2.5332e-07, 2.5332e-07, 2.49594e-07, -2.08616e-07, -1, 2.98023e-07, 1, -1.78814e-07, 3.57628e-07, 0.681256, -3.33786e-06 )
bone_name = "antibraco.r"
joint_constraints/bias = 0.3
joint_constraints/damping = 1.0
joint_constraints/impulse_clamp = 0.0

[node name="CollisionShape" type="CollisionShape" parent="Armação001/Skeleton/Physical Bone antibracor" index="0"]
shape = SubResource( 14 )

[node name="Physical Bone maor" type="PhysicalBone" parent="Armação001/Skeleton" index="15"]
transform = Transform( 0.731796, -0.493886, -0.469627, -0.350676, -0.863738, 0.361914, -0.584379, -0.100159, -0.805275, -0.981545, -2.13438, 1.36044 )
joint_type = 1
joint_offset = Transform( 1, 0, 0, 0, 1, 0, 0, 0, 1, -1.27777e-06, 4.20026e-06, 0.112827 )
body_offset = Transform( -0.629136, 0.530961, 0.567686, -2.98023e-08, 0.730336, -0.683088, -0.777295, -0.429755, -0.459481, -0.0640535, 0.0770679, 0.0518427 )
bone_name = "mao.r"
joint_constraints/bias = 0.3
joint_constraints/damping = 1.0
joint_constraints/impulse_clamp = 0.0

[node name="CollisionShape" type="CollisionShape" parent="Armação001/Skeleton/Physical Bone maor" index="0"]
shape = SubResource( 15 )

[node name="Physical Bone coxal" type="PhysicalBone" parent="Armação001/Skeleton" index="16"]
transform = Transform( -0.998819, -0.0324117, -0.0363078, -0.0408202, 0.151562, 0.987593, -0.0265068, 0.987914, -0.152704, 0.515957, -3.53867, 1.10995 )
joint_type = 1
joint_offset = Transform( 1, 0, 0, 0, 1, 0, 0, 0, 1, -5.71427e-07, 1.53926e-06, 1.23511 )
body_offset = Transform( 1, 7.26432e-08, 2.69618e-07, 1.39233e-07, 4.47035e-08, -0.999988, 1.06171e-07, 0.999998, 2.98023e-07, 2.38419e-07, 1.2351, -1.90735e-06 )
bone_name = "coxa.l"
joint_constraints/bias = 0.3
joint_constraints/damping = 1.0
joint_constraints/impulse_clamp = 0.0

[node name="CollisionShape" type="CollisionShape" parent="Armação001/Skeleton/Physical Bone coxal" index="0"]
shape = SubResource( 16 )

[node name="Physical Bone canelal" type="PhysicalBone" parent="Armação001/Skeleton" index="17"]
transform = Transform( -0.999318, -0.0294241, -0.0224528, -0.0180052, -0.143588, 0.989473, -0.0323381, 0.989198, 0.14296, 0.585793, -5.85979, 1.13943 )
joint_type = 1
joint_offset = Transform( 1, 0, 0, 0, 1, 0, 0, 0, 1, 4.87203e-07, 1.43383e-05, 1.11304 )
body_offset = Transform( 1, 3.72529e-08, 2.04891e-07, 6.37956e-08, 2.23517e-07, -0.999999, 8.19564e-08, 0.999998, -2.98023e-08, -7.15256e-07, 1.11304, -1.43051e-05 )
bone_name = "canela.l"
joint_constraints/bias = 0.3
joint_constraints/damping = 1.0
joint_constraints/impulse_clamp = 0.0

[node name="CollisionShape" type="CollisionShape" parent="Armação001/Skeleton/Physical Bone canelal" index="0"]
shape = SubResource( 17 )

[node name="Physical Bone coxar" type="PhysicalBone" parent="Armação001/Skeleton" index="18"]
transform = Transform( -0.997518, 0.00387749, 0.0701703, 0.059189, 0.584675, 0.80909, -0.0378896, 0.81125, -0.58346, -0.38382, -3.34573, 1.70241 )
joint_type = 1
joint_offset = Transform( 1, 0, 0, 0, 1, 0, 0, 0, 1, 9.56513e-06, -1.26254e-07, 1.26477 )
body_offset = Transform( 0.999988, -1.58325e-07, -2.23517e-08, 3.72529e-07, 5.21541e-06, -0.999988, 5.02914e-08, 0.999993, 4.76837e-07, -9.53674e-06, 1.26476, -4.76837e-07 )
bone_name = "coxa.r"
joint_constraints/bias = 0.3
joint_constraints/damping = 1.0
joint_constraints/impulse_clamp = 0.0

[node name="CollisionShape" type="CollisionShape" parent="Armação001/Skeleton/Physical Bone coxar" index="0"]
shape = SubResource( 18 )

[node name="Physical Bone canelar" type="PhysicalBone" parent="Armação001/Skeleton" index="19"]
transform = Transform( -0.998371, -0.0569804, 0.00385566, 0.0477777, -0.796298, 0.603014, -0.0312893, 0.602214, 0.797722, -0.476723, -5.01679, 1.5835 )
joint_type = 1
joint_offset = Transform( 1, 0, 0, 0, 1, 0, 0, 0, 1, -1.14942e-06, 3.02108e-06, 1.07415 )
body_offset = Transform( 1, -1.86265e-09, 4.04194e-07, -4.28408e-08, -3.57628e-07, -1, 1.30385e-08, 1, -1.49012e-07, 7.15256e-07, 1.07415, -2.86102e-06 )
bone_name = "canela.r"
joint_constraints/bias = 0.3
joint_constraints/damping = 1.0
joint_constraints/impulse_clamp = 0.0

[node name="CollisionShape" type="CollisionShape" parent="Armação001/Skeleton/Physical Bone canelar" index="0"]
shape = SubResource( 19 )
